# Definicion de parametros de sitio Bahía Blanca
SITE_NAME="Bahía Blanca"
RADAR_ID="BHI"
RADAR_SAC=226
RADAR_SIC=206
ADSB_SAC=226
ADSB_SIC=106
RADAR_LAT=-38.715277
RADAR_LON=-62.166388

# Definiciones de puertos
#Puerto UDP de escucha de la consola RMD
RMD_AX_PORT=8600

# Definiciones de direcciones IP
CMSS_IP=10.35.230.100
RC1_IP=10.35.230.110
RC2_IP=10.35.230.120
ADSB1_IP=10.35.230.98
ADSB2_IP=10.35.230.99
CMST1_IP=10.35.230.101
CMST2_IP=10.35.230.102
DEFAULT_GATEWAY=10.35.230.254
NETWORK_MASK=24
