# Definicion de parametros de sitio Comodoro Rivadavia
SITE_NAME="Comodoro Rivadavia"
RADAR_ID="CRD"
RADAR_SAC=226
RADAR_SIC=240
ADSB_SAC=226
ADSB_SIC=140
RADAR_LAT=-45.792500
RADAR_LON=-67.466111

# Definiciones de puertos
#Puerto UDP de escucha de la consola RMD
RMD_AX_PORT=8600

# Definiciones de direcciones IP
CMSS_IP=10.128.230.100
RC1_IP=10.128.230.110
RC2_IP=10.128.230.120
ADSB1_IP=10.128.230.98
ADSB2_IP=10.128.230.99
CMST1_IP=10.128.230.101
CMST2_IP=10.128.230.102
DEFAULT_GATEWAY=10.128.230.254
NETWORK_MASK=24
