# Definicion de parametros de sitio Córdoba
SITE_NAME="Córdoba"
RADAR_ID="COR"
RADAR_SAC=226
RADAR_SIC=210
ADSB_SAC=226
ADSB_SIC=110
RADAR_LAT=-31.310555
RADAR_LON=-64.214166

# Definiciones de puertos
#Puerto UDP de escucha de la consola RMD
RMD_AX_PORT=8600

# Definiciones de direcciones IP
CMSS_IP=10.64.230.100
RC1_IP=10.64.230.110
RC2_IP=10.64.230.120
ADSB1_IP=10.64.230.98
ADSB2_IP=10.64.230.99
CMST1_IP=10.64.230.101
CMST2_IP=10.64.230.102
DEFAULT_GATEWAY=10.64.230.254
NETWORK_MASK=24
