# Definicion de parametros de sitio Esquel
SITE_NAME="Esquel"
RADAR_ID="EQS"
RADAR_SAC=226
RADAR_SIC=242
ADSB_SAC=226
ADSB_SIC=142
RADAR_LAT=-42.906111
RADAR_LON=-71.147777

# Definiciones de puertos
#Puerto UDP de escucha de la consola RMD
RMD_AX_PORT=8600

# Definiciones de direcciones IP
CMSS_IP=10.140.230.100
RC1_IP=10.140.230.110
RC2_IP=10.140.230.120
ADSB1_IP=10.140.230.98
ADSB2_IP=10.140.230.99
CMST1_IP=10.140.230.101
CMST2_IP=10.140.230.102
DEFAULT_GATEWAY=10.140.230.254
NETWORK_MASK=24
