# Definicion de parametros de sitio La Rioja
SITE_NAME="La Rioja"
RADAR_ID="IRJ"
RADAR_SAC=226
RADAR_SIC=212
ADSB_SAC=226
ADSB_SIC=112
RADAR_LAT=-29.384722
RADAR_LON=-66.792222

# Definiciones de puertos
#Puerto UDP de escucha de la consola RMD
RMD_AX_PORT=8600

# Definiciones de direcciones IP
CMSS_IP=10.65.230.100
RC1_IP=10.65.230.110
RC2_IP=10.65.230.120
ADSB1_IP=10.65.230.98
ADSB2_IP=10.65.230.99
CMST1_IP=10.65.230.101
CMST2_IP=10.65.230.102
DEFAULT_GATEWAY=10.65.230.254
NETWORK_MASK=24
