# Definicion de parametros de sitio Malargüe
SITE_NAME="Malargüe"
RADAR_ID="LGS"
RADAR_SAC=226
RADAR_SIC=222
ADSB_SAC=226
ADSB_SIC=122
RADAR_LAT=-35.481111
RADAR_LON=-69.580277

# Definiciones de puertos
#Puerto UDP de escucha de la consola RMD
RMD_AX_PORT=8600

# Definiciones de direcciones IP
CMSS_IP=10.195.230.100
RC1_IP=10.195.230.110
RC2_IP=10.195.230.120
ADSB1_IP=10.195.230.98
ADSB2_IP=10.195.230.99
CMST1_IP=10.195.230.101
CMST2_IP=10.195.230.102
DEFAULT_GATEWAY=10.195.230.254
NETWORK_MASK=24
