# Definicion de parametros de sitio Morteros
SITE_NAME="Morteros"
RADAR_ID="MTR"
RADAR_SAC=226
RADAR_SIC=213
ADSB_SAC=226
ADSB_SIC=113
RADAR_LAT=-30.681111
RADAR_LON=-62.024166

# Definiciones de puertos
#Puerto UDP de escucha de la consola RMD
RMD_AX_PORT=8600

# Definiciones de direcciones IP
CMSS_IP=10.87.230.100
RC1_IP=10.87.230.110
RC2_IP=10.87.230.120
ADSB1_IP=10.87.230.98
ADSB2_IP=10.87.230.99
CMST1_IP=10.87.230.101
CMST2_IP=10.87.230.102
DEFAULT_GATEWAY=10.87.230.254
NETWORK_MASK=24
