# Definicion de parametros de sitio Neuquén
SITE_NAME="Neuquén"
RADAR_ID="NQN"
RADAR_SAC=226
RADAR_SIC=207
ADSB_SAC=226
ADSB_SIC=107
RADAR_LAT=-38.953611
RADAR_LON=-68.143333

# Definiciones de puertos
#Puerto UDP de escucha de la consola RMD
RMD_AX_PORT=8600

# Definiciones de direcciones IP
CMSS_IP=10.11.230.100
RC1_IP=10.11.230.110
RC2_IP=10.11.230.120
ADSB1_IP=10.11.230.98
ADSB2_IP=10.11.230.99
CMST1_IP=10.11.230.101
CMST2_IP=10.11.230.102
DEFAULT_GATEWAY=10.11.230.254
NETWORK_MASK=24
