# Definicion de parametros de sitio Parana
SITE_NAME="Parana"
RADAR_ID="PRA"
RADAR_SAC=226
RADAR_SIC=203
ADSB_SAC=226
ADSB_SIC=103
RADAR_LAT=-31.791388
RADAR_LON=-60.486111

# Definiciones de puertos
#Puerto UDP de escucha de la consola RMD
RMD_AX_PORT=8600

# Definiciones de direcciones IP
CMSS_IP=10.10.230.100
RC1_IP=10.10.230.110
RC2_IP=10.10.230.120
ADSB1_IP=10.10.230.98
ADSB2_IP=10.10.230.99
CMST1_IP=10.10.230.101
CMST2_IP=10.10.230.102
DEFAULT_GATEWAY=10.10.230.254
NETWORK_MASK=24
