# Definicion de parametros de sitio Pehuajó
SITE_NAME="Pehuajó"
RADAR_ID="PHJ"
RADAR_SAC=226
RADAR_SIC=209
ADSB_SAC=226
ADSB_SIC=109
RADAR_LAT=-35.840555
RADAR_LON=-61.861666

# Definiciones de puertos
#Puerto UDP de escucha de la consola RMD
RMD_AX_PORT=8600

# Definiciones de direcciones IP
CMSS_IP=10.39.230.100
RC1_IP=10.39.230.110
RC2_IP=10.39.230.120
ADSB1_IP=10.39.230.98
ADSB2_IP=10.39.230.99
CMST1_IP=10.39.230.101
CMST2_IP=10.39.230.102
DEFAULT_GATEWAY=10.39.230.254
NETWORK_MASK=24
