# Definicion de parametros de sitio Posadas
SITE_NAME="Posadas"
RADAR_ID="PSS"
RADAR_SAC=226
RADAR_SIC=231
ADSB_SAC=226
ADSB_SIC=131
RADAR_LAT=-27.385000
RADAR_LON=-55.966666

# Definiciones de puertos
#Puerto UDP de escucha de la consola RMD
RMD_AX_PORT=8600

# Definiciones de direcciones IP
CMSS_IP=10.165.230.100
RC1_IP=10.165.230.110
RC2_IP=10.165.230.120
ADSB1_IP=10.165.230.98
ADSB2_IP=10.165.230.99
CMST1_IP=10.165.230.101
CMST2_IP=10.165.230.102
DEFAULT_GATEWAY=10.165.230.254
NETWORK_MASK=24
