# Definicion de parametros de sitio Puerto Madryn
SITE_NAME="Puerto Madryn"
RADAR_ID="PMY"
RADAR_SAC=226
RADAR_SIC=243
ADSB_SAC=226
ADSB_SIC=143
RADAR_LAT=-42.754166
RADAR_LON=-65.101111

# Definiciones de puertos
#Puerto UDP de escucha de la consola RMD
RMD_AX_PORT=8600

# Definiciones de direcciones IP
CMSS_IP=10.139.230.100
RC1_IP=10.139.230.110
RC2_IP=10.139.230.120
ADSB1_IP=10.139.230.98
ADSB2_IP=10.139.230.99
CMST1_IP=10.139.230.101
CMST2_IP=10.139.230.102
DEFAULT_GATEWAY=10.139.230.254
NETWORK_MASK=24
