# Definicion de parametros de sitio Río Gallegos
SITE_NAME="Río Gallegos"
RADAR_ID="RGL"
RADAR_SAC=226
RADAR_SIC=241
ADSB_SAC=226
ADSB_SIC=141
RADAR_LAT=-51.614166
RADAR_LON=-69.302222

# Definiciones de puertos
#Puerto UDP de escucha de la consola RMD
RMD_AX_PORT=8600

# Definiciones de direcciones IP
CMSS_IP=10.129.230.100
RC1_IP=10.129.230.110
RC2_IP=10.129.230.120
ADSB1_IP=10.129.230.98
ADSB2_IP=10.129.230.99
CMST1_IP=10.129.230.101
CMST2_IP=10.129.230.102
DEFAULT_GATEWAY=10.129.230.254
NETWORK_MASK=24
