# Definicion de parametros de sitio Saenz Peña
SITE_NAME="Saenz Peña"
RADAR_ID="SZP"
RADAR_SAC=226
RADAR_SIC=232
ADSB_SAC=226
ADSB_SIC=132
RADAR_LAT=-26.750555
RADAR_LON=-60.481666

# Definiciones de puertos
#Puerto UDP de escucha de la consola RMD
RMD_AX_PORT=8600

# Definiciones de direcciones IP
CMSS_IP=10.169.230.100
RC1_IP=10.169.230.110
RC2_IP=10.169.230.120
ADSB1_IP=10.169.230.98
ADSB2_IP=10.169.230.99
CMST1_IP=10.169.230.101
CMST2_IP=10.169.230.102
DEFAULT_GATEWAY=10.169.230.254
NETWORK_MASK=24
