# Definicion de parametros de sitio Salta
SITE_NAME="Salta"
RADAR_ID="SLA"
RADAR_SAC=226
RADAR_SIC=214
ADSB_SAC=226
ADSB_SIC=114
RADAR_LAT=-24.840833
RADAR_LON=-65.478888

# Definiciones de puertos
#Puerto UDP de escucha de la consola RMD
RMD_AX_PORT=8600

# Definiciones de direcciones IP
CMSS_IP=10.86.230.100
RC1_IP=10.86.230.110
RC2_IP=10.86.230.120
ADSB1_IP=10.86.230.98
ADSB2_IP=10.86.230.99
CMST1_IP=10.86.230.101
CMST2_IP=10.86.230.102
DEFAULT_GATEWAY=10.86.230.254
NETWORK_MASK=24
