# Definicion de parametros de sitio San Julián
SITE_NAME="San Julián"
RADAR_ID="SJN"
RADAR_SAC=226
RADAR_SIC=244
ADSB_SAC=226
ADSB_SIC=144
RADAR_LAT=-49.310277
RADAR_LON=-67.802777

# Definiciones de puertos
#Puerto UDP de escucha de la consola RMD
RMD_AX_PORT=8600

# Definiciones de direcciones IP
CMSS_IP=10.131.230.100
RC1_IP=10.131.230.110
RC2_IP=10.131.230.120
ADSB1_IP=10.131.230.98
ADSB2_IP=10.131.230.99
CMST1_IP=10.131.230.101
CMST2_IP=10.131.230.102
DEFAULT_GATEWAY=10.131.230.254
NETWORK_MASK=24
