# Definicion de parametros de sitio San Luis
SITE_NAME="San Luis"
RADAR_ID="LUQ"
RADAR_SAC=226
RADAR_SIC=221
ADSB_SAC=226
ADSB_SIC=121
RADAR_LAT=-33.274444
RADAR_LON=-66.348611

# Definiciones de puertos
#Puerto UDP de escucha de la consola RMD
RMD_AX_PORT=8600

# Definiciones de direcciones IP
CMSS_IP=10.193.230.100
RC1_IP=10.193.230.110
RC2_IP=10.193.230.120
ADSB1_IP=10.193.230.98
ADSB2_IP=10.193.230.99
CMST1_IP=10.193.230.101
CMST2_IP=10.193.230.102
DEFAULT_GATEWAY=10.193.230.254
NETWORK_MASK=24
