# Definicion de parametros de sitio Tucumán
SITE_NAME="Tucumán"
RADAR_ID="TUC"
RADAR_SAC=226
RADAR_SIC=211
ADSB_SAC=226
ADSB_SIC=111
RADAR_LAT=-26.832500
RADAR_LON=-65.108611

# Definiciones de puertos
#Puerto UDP de escucha de la consola RMD
RMD_AX_PORT=8600

# Definiciones de direcciones IP
CMSS_IP=10.74.230.100
RC1_IP=10.74.230.110
RC2_IP=10.74.230.120
ADSB1_IP=10.74.230.98
ADSB2_IP=10.74.230.99
CMST1_IP=10.74.230.101
CMST2_IP=10.74.230.102
DEFAULT_GATEWAY=10.74.230.254
NETWORK_MASK=24
