# Definicion de parametros de sitio Ushuaia
SITE_NAME="Ushuaia"
RADAR_ID="USH"
RADAR_SAC=226
RADAR_SIC=245
ADSB_SAC=226
ADSB_SIC=145
RADAR_LAT=-54.847807
RADAR_LON=-68.305139

# Definiciones de puertos
#Puerto UDP de escucha de la consola RMD
RMD_AX_PORT=8600

# Definiciones de direcciones IP
CMSS_IP=10.143.230.100
RC1_IP=10.143.230.110
RC2_IP=10.143.230.120
ADSB1_IP=10.143.230.98
ADSB2_IP=10.143.230.99
CMST1_IP=10.143.230.101
CMST2_IP=10.143.230.102
DEFAULT_GATEWAY=10.143.230.254
NETWORK_MASK=24
